---
seed: -1
#GT_from_file: vehicle_data/GT.csv
#U_from_file: vehicle_data/U.csv
testCase:
- # constant speed
  N: 4
  dt: 0.03
  T: 1.0
  x0: [0, 0, 1, 0]
  Qd: [1, 1, 1, 1]
  Qm: .01
  obs:
    - Rd: [1, 1]
      Rm: .01
  u: [0, 0, 0, -0.1]
- # RTBP
  N: 4
  dt: 0.03
  T: 6.2296051135204102
  x0: [1.033366313746765, 0, 0, -.05849376854515592]
  Qd: [1, 1, 1, 1]
  Qm: .005
  obs:
    - Rd: [1, 1]
      Rm: .001
    - Rd: [1, 1]
      Rm: .0001
      every_X: 10
  u: [0, 0, 0, 0]
- # Vehicle
  N: 6
  dt: 0.3
  T: 100
  x0: [0, 0, 0, 1, 0, 0]
  Qd: [0, 0, 0, 1, 1, 1]
  Qm: .5
  obs:
    - Rd: [1, 1, 1]
      Rm: .05
#      from_file: vehicle_data/IMU.csv
    -
      Rd: [1, 1, 1]
      Rm: .005
      every_X: 10
#      from_file: vehicle_data/VISUAL.csv
  Rm: .05
  u: [0, 0, 0]
  max_steering_angle: 0.174533
